{
  "cells": [
    {
      "cell_type": "code",
      "execution_count": null,
      "metadata": {
        "colab": {
          "base_uri": "https://localhost:8080/"
        },
        "id": "lDp8im-mrbeg",
        "outputId": "72d23d6c-1996-4094-9317-32f7433e9e60"
      },
      "outputs": [
        {
          "name": "stdout",
          "output_type": "stream",
          "text": [
            "Drive already mounted at /content/drive; to attempt to forcibly remount, call drive.mount(\"/content/drive\", force_remount=True).\n"
          ]
        }
      ],
      "source": [
        "from google.colab import drive\n",
        "drive.mount('/content/drive')"
      ]
    },
    {
      "cell_type": "code",
      "execution_count": null,
      "metadata": {
        "colab": {
          "base_uri": "https://localhost:8080/"
        },
        "id": "hNC2OnjhrP1f",
        "outputId": "72594d06-caf0-4895-da38-72c8e73e45f8"
      },
      "outputs": [
        {
          "name": "stdout",
          "output_type": "stream",
          "text": [
            "Looking in indexes: https://pypi.org/simple, https://us-python.pkg.dev/colab-wheels/public/simple/\n",
            "Requirement already satisfied: seaborn in /usr/local/lib/python3.9/dist-packages (0.12.2)\n",
            "Requirement already satisfied: matplotlib!=3.6.1,>=3.1 in /usr/local/lib/python3.9/dist-packages (from seaborn) (3.7.1)\n",
            "Requirement already satisfied: numpy!=1.24.0,>=1.17 in /usr/local/lib/python3.9/dist-packages (from seaborn) (1.22.4)\n",
            "Requirement already satisfied: pandas>=0.25 in /usr/local/lib/python3.9/dist-packages (from seaborn) (1.5.3)\n",
            "Requirement already satisfied: cycler>=0.10 in /usr/local/lib/python3.9/dist-packages (from matplotlib!=3.6.1,>=3.1->seaborn) (0.11.0)\n",
            "Requirement already satisfied: importlib-resources>=3.2.0 in /usr/local/lib/python3.9/dist-packages (from matplotlib!=3.6.1,>=3.1->seaborn) (5.12.0)\n",
            "Requirement already satisfied: pillow>=6.2.0 in /usr/local/lib/python3.9/dist-packages (from matplotlib!=3.6.1,>=3.1->seaborn) (8.4.0)\n",
            "Requirement already satisfied: pyparsing>=2.3.1 in /usr/local/lib/python3.9/dist-packages (from matplotlib!=3.6.1,>=3.1->seaborn) (3.0.9)\n",
            "Requirement already satisfied: kiwisolver>=1.0.1 in /usr/local/lib/python3.9/dist-packages (from matplotlib!=3.6.1,>=3.1->seaborn) (1.4.4)\n",
            "Requirement already satisfied: python-dateutil>=2.7 in /usr/local/lib/python3.9/dist-packages (from matplotlib!=3.6.1,>=3.1->seaborn) (2.8.2)\n",
            "Requirement already satisfied: contourpy>=1.0.1 in /usr/local/lib/python3.9/dist-packages (from matplotlib!=3.6.1,>=3.1->seaborn) (1.0.7)\n",
            "Requirement already satisfied: fonttools>=4.22.0 in /usr/local/lib/python3.9/dist-packages (from matplotlib!=3.6.1,>=3.1->seaborn) (4.39.3)\n",
            "Requirement already satisfied: packaging>=20.0 in /usr/local/lib/python3.9/dist-packages (from matplotlib!=3.6.1,>=3.1->seaborn) (23.1)\n",
            "Requirement already satisfied: pytz>=2020.1 in /usr/local/lib/python3.9/dist-packages (from pandas>=0.25->seaborn) (2022.7.1)\n",
            "Requirement already satisfied: zipp>=3.1.0 in /usr/local/lib/python3.9/dist-packages (from importlib-resources>=3.2.0->matplotlib!=3.6.1,>=3.1->seaborn) (3.15.0)\n",
            "Requirement already satisfied: six>=1.5 in /usr/local/lib/python3.9/dist-packages (from python-dateutil>=2.7->matplotlib!=3.6.1,>=3.1->seaborn) (1.16.0)\n"
          ]
        }
      ],
      "source": [
        "!pip install seaborn"
      ]
    },
    {
      "cell_type": "code",
      "execution_count": null,
      "metadata": {
        "id": "bVltZDWVrg7v"
      },
      "outputs": [],
      "source": [
        "import seaborn as sns\n",
        "import pandas as pd"
      ]
    },
    {
      "cell_type": "code",
      "execution_count": null,
      "metadata": {
        "colab": {
          "base_uri": "https://localhost:8080/",
          "height": 426
        },
        "id": "YbxX1xgWroHZ",
        "outputId": "4919e16e-35fb-4e1f-dfa7-67529c4d1950"
      },
      "outputs": [
        {
          "data": {
            "text/html": [
              "\n",
              "  <div id=\"df-e9188ef1-8e39-4014-8720-8c75423f3bf2\">\n",
              "    <div class=\"colab-df-container\">\n",
              "      <div>\n",
              "<style scoped>\n",
              "    .dataframe tbody tr th:only-of-type {\n",
              "        vertical-align: middle;\n",
              "    }\n",
              "\n",
              "    .dataframe tbody tr th {\n",
              "        vertical-align: top;\n",
              "    }\n",
              "\n",
              "    .dataframe thead th {\n",
              "        text-align: right;\n",
              "    }\n",
              "</style>\n",
              "<table border=\"1\" class=\"dataframe\">\n",
              "  <thead>\n",
              "    <tr style=\"text-align: right;\">\n",
              "      <th></th>\n",
              "      <th>as.json</th>\n",
              "      <th>bn.json</th>\n",
              "      <th>gu.json</th>\n",
              "      <th>hi.json</th>\n",
              "      <th>kn.json</th>\n",
              "      <th>ml.json</th>\n",
              "      <th>mr.json</th>\n",
              "      <th>or.json</th>\n",
              "      <th>pa.json</th>\n",
              "      <th>ta.json</th>\n",
              "      <th>te.json</th>\n",
              "    </tr>\n",
              "    <tr>\n",
              "      <th>lang</th>\n",
              "      <th></th>\n",
              "      <th></th>\n",
              "      <th></th>\n",
              "      <th></th>\n",
              "      <th></th>\n",
              "      <th></th>\n",
              "      <th></th>\n",
              "      <th></th>\n",
              "      <th></th>\n",
              "      <th></th>\n",
              "      <th></th>\n",
              "    </tr>\n",
              "  </thead>\n",
              "  <tbody>\n",
              "    <tr>\n",
              "      <th>as.json</th>\n",
              "      <td>1.000000</td>\n",
              "      <td>0.996087</td>\n",
              "      <td>0.988640</td>\n",
              "      <td>0.996065</td>\n",
              "      <td>0.995009</td>\n",
              "      <td>0.992443</td>\n",
              "      <td>0.986612</td>\n",
              "      <td>0.988866</td>\n",
              "      <td>0.993166</td>\n",
              "      <td>0.994515</td>\n",
              "      <td>0.995648</td>\n",
              "    </tr>\n",
              "    <tr>\n",
              "      <th>bn.json</th>\n",
              "      <td>0.996087</td>\n",
              "      <td>1.000000</td>\n",
              "      <td>0.990793</td>\n",
              "      <td>0.998018</td>\n",
              "      <td>0.997622</td>\n",
              "      <td>0.994935</td>\n",
              "      <td>0.988846</td>\n",
              "      <td>0.991161</td>\n",
              "      <td>0.996070</td>\n",
              "      <td>0.996772</td>\n",
              "      <td>0.998246</td>\n",
              "    </tr>\n",
              "    <tr>\n",
              "      <th>gu.json</th>\n",
              "      <td>0.988640</td>\n",
              "      <td>0.990793</td>\n",
              "      <td>1.000000</td>\n",
              "      <td>0.990576</td>\n",
              "      <td>0.991996</td>\n",
              "      <td>0.989798</td>\n",
              "      <td>0.982139</td>\n",
              "      <td>0.985532</td>\n",
              "      <td>0.989846</td>\n",
              "      <td>0.990741</td>\n",
              "      <td>0.990436</td>\n",
              "    </tr>\n",
              "    <tr>\n",
              "      <th>hi.json</th>\n",
              "      <td>0.996065</td>\n",
              "      <td>0.998018</td>\n",
              "      <td>0.990576</td>\n",
              "      <td>1.000000</td>\n",
              "      <td>0.997000</td>\n",
              "      <td>0.994340</td>\n",
              "      <td>0.989442</td>\n",
              "      <td>0.990243</td>\n",
              "      <td>0.995685</td>\n",
              "      <td>0.996268</td>\n",
              "      <td>0.997811</td>\n",
              "    </tr>\n",
              "    <tr>\n",
              "      <th>kn.json</th>\n",
              "      <td>0.995009</td>\n",
              "      <td>0.997622</td>\n",
              "      <td>0.991996</td>\n",
              "      <td>0.997000</td>\n",
              "      <td>1.000000</td>\n",
              "      <td>0.994219</td>\n",
              "      <td>0.988033</td>\n",
              "      <td>0.990261</td>\n",
              "      <td>0.995921</td>\n",
              "      <td>0.996556</td>\n",
              "      <td>0.997946</td>\n",
              "    </tr>\n",
              "    <tr>\n",
              "      <th>ml.json</th>\n",
              "      <td>0.992443</td>\n",
              "      <td>0.994935</td>\n",
              "      <td>0.989798</td>\n",
              "      <td>0.994340</td>\n",
              "      <td>0.994219</td>\n",
              "      <td>1.000000</td>\n",
              "      <td>0.985840</td>\n",
              "      <td>0.989063</td>\n",
              "      <td>0.994657</td>\n",
              "      <td>0.993490</td>\n",
              "      <td>0.994487</td>\n",
              "    </tr>\n",
              "    <tr>\n",
              "      <th>mr.json</th>\n",
              "      <td>0.986612</td>\n",
              "      <td>0.988846</td>\n",
              "      <td>0.982139</td>\n",
              "      <td>0.989442</td>\n",
              "      <td>0.988033</td>\n",
              "      <td>0.985840</td>\n",
              "      <td>1.000000</td>\n",
              "      <td>0.983523</td>\n",
              "      <td>0.986539</td>\n",
              "      <td>0.987405</td>\n",
              "      <td>0.988129</td>\n",
              "    </tr>\n",
              "    <tr>\n",
              "      <th>or.json</th>\n",
              "      <td>0.988866</td>\n",
              "      <td>0.991161</td>\n",
              "      <td>0.985532</td>\n",
              "      <td>0.990243</td>\n",
              "      <td>0.990261</td>\n",
              "      <td>0.989063</td>\n",
              "      <td>0.983523</td>\n",
              "      <td>1.000000</td>\n",
              "      <td>0.990149</td>\n",
              "      <td>0.991115</td>\n",
              "      <td>0.990909</td>\n",
              "    </tr>\n",
              "    <tr>\n",
              "      <th>pa.json</th>\n",
              "      <td>0.993166</td>\n",
              "      <td>0.996070</td>\n",
              "      <td>0.989846</td>\n",
              "      <td>0.995685</td>\n",
              "      <td>0.995921</td>\n",
              "      <td>0.994657</td>\n",
              "      <td>0.986539</td>\n",
              "      <td>0.990149</td>\n",
              "      <td>1.000000</td>\n",
              "      <td>0.994662</td>\n",
              "      <td>0.995752</td>\n",
              "    </tr>\n",
              "    <tr>\n",
              "      <th>ta.json</th>\n",
              "      <td>0.994515</td>\n",
              "      <td>0.996772</td>\n",
              "      <td>0.990741</td>\n",
              "      <td>0.996268</td>\n",
              "      <td>0.996556</td>\n",
              "      <td>0.993490</td>\n",
              "      <td>0.987405</td>\n",
              "      <td>0.991115</td>\n",
              "      <td>0.994662</td>\n",
              "      <td>1.000000</td>\n",
              "      <td>0.996561</td>\n",
              "    </tr>\n",
              "    <tr>\n",
              "      <th>te.json</th>\n",
              "      <td>0.995648</td>\n",
              "      <td>0.998246</td>\n",
              "      <td>0.990436</td>\n",
              "      <td>0.997811</td>\n",
              "      <td>0.997946</td>\n",
              "      <td>0.994487</td>\n",
              "      <td>0.988129</td>\n",
              "      <td>0.990909</td>\n",
              "      <td>0.995752</td>\n",
              "      <td>0.996561</td>\n",
              "      <td>1.000000</td>\n",
              "    </tr>\n",
              "  </tbody>\n",
              "</table>\n",
              "</div>\n",
              "      <button class=\"colab-df-convert\" onclick=\"convertToInteractive('df-e9188ef1-8e39-4014-8720-8c75423f3bf2')\"\n",
              "              title=\"Convert this dataframe to an interactive table.\"\n",
              "              style=\"display:none;\">\n",
              "        \n",
              "  <svg xmlns=\"http://www.w3.org/2000/svg\" height=\"24px\"viewBox=\"0 0 24 24\"\n",
              "       width=\"24px\">\n",
              "    <path d=\"M0 0h24v24H0V0z\" fill=\"none\"/>\n",
              "    <path d=\"M18.56 5.44l.94 2.06.94-2.06 2.06-.94-2.06-.94-.94-2.06-.94 2.06-2.06.94zm-11 1L8.5 8.5l.94-2.06 2.06-.94-2.06-.94L8.5 2.5l-.94 2.06-2.06.94zm10 10l.94 2.06.94-2.06 2.06-.94-2.06-.94-.94-2.06-.94 2.06-2.06.94z\"/><path d=\"M17.41 7.96l-1.37-1.37c-.4-.4-.92-.59-1.43-.59-.52 0-1.04.2-1.43.59L10.3 9.45l-7.72 7.72c-.78.78-.78 2.05 0 2.83L4 21.41c.39.39.9.59 1.41.59.51 0 1.02-.2 1.41-.59l7.78-7.78 2.81-2.81c.8-.78.8-2.07 0-2.86zM5.41 20L4 18.59l7.72-7.72 1.47 1.35L5.41 20z\"/>\n",
              "  </svg>\n",
              "      </button>\n",
              "      \n",
              "  <style>\n",
              "    .colab-df-container {\n",
              "      display:flex;\n",
              "      flex-wrap:wrap;\n",
              "      gap: 12px;\n",
              "    }\n",
              "\n",
              "    .colab-df-convert {\n",
              "      background-color: #E8F0FE;\n",
              "      border: none;\n",
              "      border-radius: 50%;\n",
              "      cursor: pointer;\n",
              "      display: none;\n",
              "      fill: #1967D2;\n",
              "      height: 32px;\n",
              "      padding: 0 0 0 0;\n",
              "      width: 32px;\n",
              "    }\n",
              "\n",
              "    .colab-df-convert:hover {\n",
              "      background-color: #E2EBFA;\n",
              "      box-shadow: 0px 1px 2px rgba(60, 64, 67, 0.3), 0px 1px 3px 1px rgba(60, 64, 67, 0.15);\n",
              "      fill: #174EA6;\n",
              "    }\n",
              "\n",
              "    [theme=dark] .colab-df-convert {\n",
              "      background-color: #3B4455;\n",
              "      fill: #D2E3FC;\n",
              "    }\n",
              "\n",
              "    [theme=dark] .colab-df-convert:hover {\n",
              "      background-color: #434B5C;\n",
              "      box-shadow: 0px 1px 3px 1px rgba(0, 0, 0, 0.15);\n",
              "      filter: drop-shadow(0px 1px 2px rgba(0, 0, 0, 0.3));\n",
              "      fill: #FFFFFF;\n",
              "    }\n",
              "  </style>\n",
              "\n",
              "      <script>\n",
              "        const buttonEl =\n",
              "          document.querySelector('#df-e9188ef1-8e39-4014-8720-8c75423f3bf2 button.colab-df-convert');\n",
              "        buttonEl.style.display =\n",
              "          google.colab.kernel.accessAllowed ? 'block' : 'none';\n",
              "\n",
              "        async function convertToInteractive(key) {\n",
              "          const element = document.querySelector('#df-e9188ef1-8e39-4014-8720-8c75423f3bf2');\n",
              "          const dataTable =\n",
              "            await google.colab.kernel.invokeFunction('convertToInteractive',\n",
              "                                                     [key], {});\n",
              "          if (!dataTable) return;\n",
              "\n",
              "          const docLinkHtml = 'Like what you see? Visit the ' +\n",
              "            '<a target=\"_blank\" href=https://colab.research.google.com/notebooks/data_table.ipynb>data table notebook</a>'\n",
              "            + ' to learn more about interactive tables.';\n",
              "          element.innerHTML = '';\n",
              "          dataTable['output_type'] = 'display_data';\n",
              "          await google.colab.output.renderOutput(dataTable, element);\n",
              "          const docLink = document.createElement('div');\n",
              "          docLink.innerHTML = docLinkHtml;\n",
              "          element.appendChild(docLink);\n",
              "        }\n",
              "      </script>\n",
              "    </div>\n",
              "  </div>\n",
              "  "
            ],
            "text/plain": [
              "          as.json   bn.json   gu.json   hi.json   kn.json   ml.json   mr.json  \\\n",
              "lang                                                                            \n",
              "as.json  1.000000  0.996087  0.988640  0.996065  0.995009  0.992443  0.986612   \n",
              "bn.json  0.996087  1.000000  0.990793  0.998018  0.997622  0.994935  0.988846   \n",
              "gu.json  0.988640  0.990793  1.000000  0.990576  0.991996  0.989798  0.982139   \n",
              "hi.json  0.996065  0.998018  0.990576  1.000000  0.997000  0.994340  0.989442   \n",
              "kn.json  0.995009  0.997622  0.991996  0.997000  1.000000  0.994219  0.988033   \n",
              "ml.json  0.992443  0.994935  0.989798  0.994340  0.994219  1.000000  0.985840   \n",
              "mr.json  0.986612  0.988846  0.982139  0.989442  0.988033  0.985840  1.000000   \n",
              "or.json  0.988866  0.991161  0.985532  0.990243  0.990261  0.989063  0.983523   \n",
              "pa.json  0.993166  0.996070  0.989846  0.995685  0.995921  0.994657  0.986539   \n",
              "ta.json  0.994515  0.996772  0.990741  0.996268  0.996556  0.993490  0.987405   \n",
              "te.json  0.995648  0.998246  0.990436  0.997811  0.997946  0.994487  0.988129   \n",
              "\n",
              "          or.json   pa.json   ta.json   te.json  \n",
              "lang                                             \n",
              "as.json  0.988866  0.993166  0.994515  0.995648  \n",
              "bn.json  0.991161  0.996070  0.996772  0.998246  \n",
              "gu.json  0.985532  0.989846  0.990741  0.990436  \n",
              "hi.json  0.990243  0.995685  0.996268  0.997811  \n",
              "kn.json  0.990261  0.995921  0.996556  0.997946  \n",
              "ml.json  0.989063  0.994657  0.993490  0.994487  \n",
              "mr.json  0.983523  0.986539  0.987405  0.988129  \n",
              "or.json  1.000000  0.990149  0.991115  0.990909  \n",
              "pa.json  0.990149  1.000000  0.994662  0.995752  \n",
              "ta.json  0.991115  0.994662  1.000000  0.996561  \n",
              "te.json  0.990909  0.995752  0.996561  1.000000  "
            ]
          },
          "execution_count": 28,
          "metadata": {},
          "output_type": "execute_result"
        }
      ],
      "source": [
        "df = pd.read_csv(\"/content/drive/MyDrive/IndicSemParse/error_analysis_filtered/lang-vs-lang/indic-TOP/IndicBART-XXEN.csv\").set_index(\"lang\")\n",
        "\n",
        "df"
      ]
    },
    {
      "cell_type": "code",
      "execution_count": null,
      "metadata": {
        "id": "FwwvxW2Riogj"
      },
      "outputs": [],
      "source": [
        "mapping = {\n",
        "   \"as.json\": \"as\",\n",
        "    \"bn.json\": \"bn\",\n",
        "    \"gu.json\": \"gu\",\n",
        "    \"hi.json\": \"hi\",\n",
        "    \"kn.json\": \"kn\",\n",
        "    \"ml.json\": \"ml\",\n",
        "    \"mr.json\": \"mr\",\n",
        "    \"or.json\":\"or\",\n",
        "    \"pa.json\": \"pa\",\n",
        "    \"ta.json\": \"ta\",\n",
        "    \"te.json\": \"te\",\n",
        "    \"hi_orig.json\": \"hi_IE\"\n",
        "    }"
      ]
    },
    {
      "cell_type": "code",
      "execution_count": null,
      "metadata": {
        "id": "xaWVNHFmios7"
      },
      "outputs": [],
      "source": [
        "df = df.reset_index()\n",
        "\n",
        "df['lang'] = df['lang'].map(mapping)\n",
        "\n",
        "df = df.rename(columns=mapping)\n",
        "\n",
        "df = df.set_index('lang')\n"
      ]
    },
    {
      "cell_type": "code",
      "execution_count": null,
      "metadata": {
        "colab": {
          "base_uri": "https://localhost:8080/",
          "height": 426
        },
        "id": "RVCnAfCslCC1",
        "outputId": "ba0d0855-d209-4501-f2c2-7ce8b831507b"
      },
      "outputs": [
        {
          "data": {
            "text/html": [
              "\n",
              "  <div id=\"df-2867d201-306e-4ec9-b47a-6a60d70a12e6\">\n",
              "    <div class=\"colab-df-container\">\n",
              "      <div>\n",
              "<style scoped>\n",
              "    .dataframe tbody tr th:only-of-type {\n",
              "        vertical-align: middle;\n",
              "    }\n",
              "\n",
              "    .dataframe tbody tr th {\n",
              "        vertical-align: top;\n",
              "    }\n",
              "\n",
              "    .dataframe thead th {\n",
              "        text-align: right;\n",
              "    }\n",
              "</style>\n",
              "<table border=\"1\" class=\"dataframe\">\n",
              "  <thead>\n",
              "    <tr style=\"text-align: right;\">\n",
              "      <th></th>\n",
              "      <th>as</th>\n",
              "      <th>bn</th>\n",
              "      <th>gu</th>\n",
              "      <th>hi</th>\n",
              "      <th>kn</th>\n",
              "      <th>ml</th>\n",
              "      <th>mr</th>\n",
              "      <th>or</th>\n",
              "      <th>pa</th>\n",
              "      <th>ta</th>\n",
              "      <th>te</th>\n",
              "    </tr>\n",
              "    <tr>\n",
              "      <th>lang</th>\n",
              "      <th></th>\n",
              "      <th></th>\n",
              "      <th></th>\n",
              "      <th></th>\n",
              "      <th></th>\n",
              "      <th></th>\n",
              "      <th></th>\n",
              "      <th></th>\n",
              "      <th></th>\n",
              "      <th></th>\n",
              "      <th></th>\n",
              "    </tr>\n",
              "  </thead>\n",
              "  <tbody>\n",
              "    <tr>\n",
              "      <th>as</th>\n",
              "      <td>1.000000</td>\n",
              "      <td>0.996087</td>\n",
              "      <td>0.988640</td>\n",
              "      <td>0.996065</td>\n",
              "      <td>0.995009</td>\n",
              "      <td>0.992443</td>\n",
              "      <td>0.986612</td>\n",
              "      <td>0.988866</td>\n",
              "      <td>0.993166</td>\n",
              "      <td>0.994515</td>\n",
              "      <td>0.995648</td>\n",
              "    </tr>\n",
              "    <tr>\n",
              "      <th>bn</th>\n",
              "      <td>0.996087</td>\n",
              "      <td>1.000000</td>\n",
              "      <td>0.990793</td>\n",
              "      <td>0.998018</td>\n",
              "      <td>0.997622</td>\n",
              "      <td>0.994935</td>\n",
              "      <td>0.988846</td>\n",
              "      <td>0.991161</td>\n",
              "      <td>0.996070</td>\n",
              "      <td>0.996772</td>\n",
              "      <td>0.998246</td>\n",
              "    </tr>\n",
              "    <tr>\n",
              "      <th>gu</th>\n",
              "      <td>0.988640</td>\n",
              "      <td>0.990793</td>\n",
              "      <td>1.000000</td>\n",
              "      <td>0.990576</td>\n",
              "      <td>0.991996</td>\n",
              "      <td>0.989798</td>\n",
              "      <td>0.982139</td>\n",
              "      <td>0.985532</td>\n",
              "      <td>0.989846</td>\n",
              "      <td>0.990741</td>\n",
              "      <td>0.990436</td>\n",
              "    </tr>\n",
              "    <tr>\n",
              "      <th>hi</th>\n",
              "      <td>0.996065</td>\n",
              "      <td>0.998018</td>\n",
              "      <td>0.990576</td>\n",
              "      <td>1.000000</td>\n",
              "      <td>0.997000</td>\n",
              "      <td>0.994340</td>\n",
              "      <td>0.989442</td>\n",
              "      <td>0.990243</td>\n",
              "      <td>0.995685</td>\n",
              "      <td>0.996268</td>\n",
              "      <td>0.997811</td>\n",
              "    </tr>\n",
              "    <tr>\n",
              "      <th>kn</th>\n",
              "      <td>0.995009</td>\n",
              "      <td>0.997622</td>\n",
              "      <td>0.991996</td>\n",
              "      <td>0.997000</td>\n",
              "      <td>1.000000</td>\n",
              "      <td>0.994219</td>\n",
              "      <td>0.988033</td>\n",
              "      <td>0.990261</td>\n",
              "      <td>0.995921</td>\n",
              "      <td>0.996556</td>\n",
              "      <td>0.997946</td>\n",
              "    </tr>\n",
              "    <tr>\n",
              "      <th>ml</th>\n",
              "      <td>0.992443</td>\n",
              "      <td>0.994935</td>\n",
              "      <td>0.989798</td>\n",
              "      <td>0.994340</td>\n",
              "      <td>0.994219</td>\n",
              "      <td>1.000000</td>\n",
              "      <td>0.985840</td>\n",
              "      <td>0.989063</td>\n",
              "      <td>0.994657</td>\n",
              "      <td>0.993490</td>\n",
              "      <td>0.994487</td>\n",
              "    </tr>\n",
              "    <tr>\n",
              "      <th>mr</th>\n",
              "      <td>0.986612</td>\n",
              "      <td>0.988846</td>\n",
              "      <td>0.982139</td>\n",
              "      <td>0.989442</td>\n",
              "      <td>0.988033</td>\n",
              "      <td>0.985840</td>\n",
              "      <td>1.000000</td>\n",
              "      <td>0.983523</td>\n",
              "      <td>0.986539</td>\n",
              "      <td>0.987405</td>\n",
              "      <td>0.988129</td>\n",
              "    </tr>\n",
              "    <tr>\n",
              "      <th>or</th>\n",
              "      <td>0.988866</td>\n",
              "      <td>0.991161</td>\n",
              "      <td>0.985532</td>\n",
              "      <td>0.990243</td>\n",
              "      <td>0.990261</td>\n",
              "      <td>0.989063</td>\n",
              "      <td>0.983523</td>\n",
              "      <td>1.000000</td>\n",
              "      <td>0.990149</td>\n",
              "      <td>0.991115</td>\n",
              "      <td>0.990909</td>\n",
              "    </tr>\n",
              "    <tr>\n",
              "      <th>pa</th>\n",
              "      <td>0.993166</td>\n",
              "      <td>0.996070</td>\n",
              "      <td>0.989846</td>\n",
              "      <td>0.995685</td>\n",
              "      <td>0.995921</td>\n",
              "      <td>0.994657</td>\n",
              "      <td>0.986539</td>\n",
              "      <td>0.990149</td>\n",
              "      <td>1.000000</td>\n",
              "      <td>0.994662</td>\n",
              "      <td>0.995752</td>\n",
              "    </tr>\n",
              "    <tr>\n",
              "      <th>ta</th>\n",
              "      <td>0.994515</td>\n",
              "      <td>0.996772</td>\n",
              "      <td>0.990741</td>\n",
              "      <td>0.996268</td>\n",
              "      <td>0.996556</td>\n",
              "      <td>0.993490</td>\n",
              "      <td>0.987405</td>\n",
              "      <td>0.991115</td>\n",
              "      <td>0.994662</td>\n",
              "      <td>1.000000</td>\n",
              "      <td>0.996561</td>\n",
              "    </tr>\n",
              "    <tr>\n",
              "      <th>te</th>\n",
              "      <td>0.995648</td>\n",
              "      <td>0.998246</td>\n",
              "      <td>0.990436</td>\n",
              "      <td>0.997811</td>\n",
              "      <td>0.997946</td>\n",
              "      <td>0.994487</td>\n",
              "      <td>0.988129</td>\n",
              "      <td>0.990909</td>\n",
              "      <td>0.995752</td>\n",
              "      <td>0.996561</td>\n",
              "      <td>1.000000</td>\n",
              "    </tr>\n",
              "  </tbody>\n",
              "</table>\n",
              "</div>\n",
              "      <button class=\"colab-df-convert\" onclick=\"convertToInteractive('df-2867d201-306e-4ec9-b47a-6a60d70a12e6')\"\n",
              "              title=\"Convert this dataframe to an interactive table.\"\n",
              "              style=\"display:none;\">\n",
              "        \n",
              "  <svg xmlns=\"http://www.w3.org/2000/svg\" height=\"24px\"viewBox=\"0 0 24 24\"\n",
              "       width=\"24px\">\n",
              "    <path d=\"M0 0h24v24H0V0z\" fill=\"none\"/>\n",
              "    <path d=\"M18.56 5.44l.94 2.06.94-2.06 2.06-.94-2.06-.94-.94-2.06-.94 2.06-2.06.94zm-11 1L8.5 8.5l.94-2.06 2.06-.94-2.06-.94L8.5 2.5l-.94 2.06-2.06.94zm10 10l.94 2.06.94-2.06 2.06-.94-2.06-.94-.94-2.06-.94 2.06-2.06.94z\"/><path d=\"M17.41 7.96l-1.37-1.37c-.4-.4-.92-.59-1.43-.59-.52 0-1.04.2-1.43.59L10.3 9.45l-7.72 7.72c-.78.78-.78 2.05 0 2.83L4 21.41c.39.39.9.59 1.41.59.51 0 1.02-.2 1.41-.59l7.78-7.78 2.81-2.81c.8-.78.8-2.07 0-2.86zM5.41 20L4 18.59l7.72-7.72 1.47 1.35L5.41 20z\"/>\n",
              "  </svg>\n",
              "      </button>\n",
              "      \n",
              "  <style>\n",
              "    .colab-df-container {\n",
              "      display:flex;\n",
              "      flex-wrap:wrap;\n",
              "      gap: 12px;\n",
              "    }\n",
              "\n",
              "    .colab-df-convert {\n",
              "      background-color: #E8F0FE;\n",
              "      border: none;\n",
              "      border-radius: 50%;\n",
              "      cursor: pointer;\n",
              "      display: none;\n",
              "      fill: #1967D2;\n",
              "      height: 32px;\n",
              "      padding: 0 0 0 0;\n",
              "      width: 32px;\n",
              "    }\n",
              "\n",
              "    .colab-df-convert:hover {\n",
              "      background-color: #E2EBFA;\n",
              "      box-shadow: 0px 1px 2px rgba(60, 64, 67, 0.3), 0px 1px 3px 1px rgba(60, 64, 67, 0.15);\n",
              "      fill: #174EA6;\n",
              "    }\n",
              "\n",
              "    [theme=dark] .colab-df-convert {\n",
              "      background-color: #3B4455;\n",
              "      fill: #D2E3FC;\n",
              "    }\n",
              "\n",
              "    [theme=dark] .colab-df-convert:hover {\n",
              "      background-color: #434B5C;\n",
              "      box-shadow: 0px 1px 3px 1px rgba(0, 0, 0, 0.15);\n",
              "      filter: drop-shadow(0px 1px 2px rgba(0, 0, 0, 0.3));\n",
              "      fill: #FFFFFF;\n",
              "    }\n",
              "  </style>\n",
              "\n",
              "      <script>\n",
              "        const buttonEl =\n",
              "          document.querySelector('#df-2867d201-306e-4ec9-b47a-6a60d70a12e6 button.colab-df-convert');\n",
              "        buttonEl.style.display =\n",
              "          google.colab.kernel.accessAllowed ? 'block' : 'none';\n",
              "\n",
              "        async function convertToInteractive(key) {\n",
              "          const element = document.querySelector('#df-2867d201-306e-4ec9-b47a-6a60d70a12e6');\n",
              "          const dataTable =\n",
              "            await google.colab.kernel.invokeFunction('convertToInteractive',\n",
              "                                                     [key], {});\n",
              "          if (!dataTable) return;\n",
              "\n",
              "          const docLinkHtml = 'Like what you see? Visit the ' +\n",
              "            '<a target=\"_blank\" href=https://colab.research.google.com/notebooks/data_table.ipynb>data table notebook</a>'\n",
              "            + ' to learn more about interactive tables.';\n",
              "          element.innerHTML = '';\n",
              "          dataTable['output_type'] = 'display_data';\n",
              "          await google.colab.output.renderOutput(dataTable, element);\n",
              "          const docLink = document.createElement('div');\n",
              "          docLink.innerHTML = docLinkHtml;\n",
              "          element.appendChild(docLink);\n",
              "        }\n",
              "      </script>\n",
              "    </div>\n",
              "  </div>\n",
              "  "
            ],
            "text/plain": [
              "            as        bn        gu        hi        kn        ml        mr  \\\n",
              "lang                                                                         \n",
              "as    1.000000  0.996087  0.988640  0.996065  0.995009  0.992443  0.986612   \n",
              "bn    0.996087  1.000000  0.990793  0.998018  0.997622  0.994935  0.988846   \n",
              "gu    0.988640  0.990793  1.000000  0.990576  0.991996  0.989798  0.982139   \n",
              "hi    0.996065  0.998018  0.990576  1.000000  0.997000  0.994340  0.989442   \n",
              "kn    0.995009  0.997622  0.991996  0.997000  1.000000  0.994219  0.988033   \n",
              "ml    0.992443  0.994935  0.989798  0.994340  0.994219  1.000000  0.985840   \n",
              "mr    0.986612  0.988846  0.982139  0.989442  0.988033  0.985840  1.000000   \n",
              "or    0.988866  0.991161  0.985532  0.990243  0.990261  0.989063  0.983523   \n",
              "pa    0.993166  0.996070  0.989846  0.995685  0.995921  0.994657  0.986539   \n",
              "ta    0.994515  0.996772  0.990741  0.996268  0.996556  0.993490  0.987405   \n",
              "te    0.995648  0.998246  0.990436  0.997811  0.997946  0.994487  0.988129   \n",
              "\n",
              "            or        pa        ta        te  \n",
              "lang                                          \n",
              "as    0.988866  0.993166  0.994515  0.995648  \n",
              "bn    0.991161  0.996070  0.996772  0.998246  \n",
              "gu    0.985532  0.989846  0.990741  0.990436  \n",
              "hi    0.990243  0.995685  0.996268  0.997811  \n",
              "kn    0.990261  0.995921  0.996556  0.997946  \n",
              "ml    0.989063  0.994657  0.993490  0.994487  \n",
              "mr    0.983523  0.986539  0.987405  0.988129  \n",
              "or    1.000000  0.990149  0.991115  0.990909  \n",
              "pa    0.990149  1.000000  0.994662  0.995752  \n",
              "ta    0.991115  0.994662  1.000000  0.996561  \n",
              "te    0.990909  0.995752  0.996561  1.000000  "
            ]
          },
          "execution_count": 31,
          "metadata": {},
          "output_type": "execute_result"
        }
      ],
      "source": [
        "df"
      ]
    },
    {
      "cell_type": "code",
      "execution_count": null,
      "metadata": {
        "colab": {
          "base_uri": "https://localhost:8080/",
          "height": 820
        },
        "id": "GIB_c8k1ryQh",
        "outputId": "8a5f5c48-ec4c-4aff-c9b1-fb426b3113b1"
      },
      "outputs": [
        {
          "data": {
